/* vim: set foldmethod=marker: */
679
196
273
094
912
132
235
859
303
989
151
012
912
279
955
000
333
383
863
009
203
382
388
506
125
858
364
344
927
961
215
856
007
116
412
535
923
656
658
396
045
800
830
923
901
571
003
296
513
721
435
617
738
332
267
987
113
415
773
460
455
737
745
510
047
010
501
617
594
867
834
722
605
348
486
862
570
026
157
127
378
291
066
228
968
296
212
522
017
345
885
628
801
417
734
934
848
973
001
678
225
941
615
340
673
549
068
083
294
271
760
992
777
005
892
373
938
976
648
140
810
135
150
705
021
318
441
983
080
699
378
886
193
510
386
113
194
168
837
823
282
394
888
896
960
728
385
094
656
275
266
311
406
944
201
663
027
534
565
260
971
794
268
602
789
651
487
906
602
945
965
951
616
211
543
068
703
580
064
164
801
228
183
672
285
985
845
567
922
232
022
889
627
146
941
097
929
936
911
178
580  /*{{{*/
667
551
619
719
760
854
627
603
912
055
167
988
543
241
573
782
201
707
427
871
614
956
300
967
473
824
512
110
161
923
293
846
926
414
478
459
927
511
689
592
062
884
260
138
314
591
968
607
877
764
890
634
920
385
645
744
843
309
178
842
645
930
215
531
935
932
705
952
151
970
931
854
209
754
315
223
243
452
165
809
225
599
979
290
108
323
476
597
613
758
186
401
283
556
234
027
105
848
478
811  /*}}}*/
575
959
081
667
261
988
881
161
932
304
739
371
554
195
187
378
424
479
869
488
956
249
039
111
535
822
358
419
730
126
528
846
209
438
190
643
496
252
468
152
799
308
092
924
528
551
637
108
632
010
676
680
249
435
930
957
066
599
124
501
706
849
733
220
205
355
157
389
989
250
496
935
241
835
416
321
898
866
293
018
892
946
387
827
331
435
330
431
776
130
416
216
219
240
507
790
869
975
651
785
806  /*{{{*/
709
177
827
087
863
585
837
447
728
459
256
899
900
047
117
260
229
847
954
271
903
765
802
596
315
583
590
363
576
630
292
383
163
420
183
359
961
051
325
823
024
951
050
074
423
915
744
747
817
388
882
207
202
188
614
451
991
328
397
059
564
150
076
962
528
455
151
113
064
064
154
313
924
759
688
526
591
349
019
710
119
417
009
534
652
469
133
698
266
290
482
023
285
648
266
139
408
041
169
104  /*}}}*/
545
215
439
434
171
376
297
049
857
922
573
422
193
186
922
089
825
159
364
168
444
989
947
096
393
938
195
127
411
905
501
686
391
181
121
714
084
942
212
720
265
895
328
793
276
118
841
297
543
276
246
946
154
842
932
054
137
562
804
165
273
112
019
658
652
696
870
514
997
721
995
141
619
722
440
167
163
339
953
043
032
880
636
223
460
808
929
215
136
121
793
460
186
193
377
842
952
994
394
453
299  /*{{{*/
036
497
877
169
865
288
216
299
950
048
595
421
568
574
188
049
480
575
990
301
616
716
483
333
870
584
544
726
483
918
730
800
078
978
537
737
194
737
995
402
875
048
948
641
931
309
921
901
611
867
506
362
534
570
724
025
482
145
058
436
917
382
261
464
104
432
063
799
057
482
518
451
236
861
902
989
476
807
993
318
448
240
476
409
262
469
404
104
353
798
829
258
349
016
567
552
395
264
927
433  /*}}}*/
335
404
930
040
610
297
463
393
557
523
216
689
608
153
776
163
396
618
027
469
052
291
867
705
512
104
181
741
195
416
149
535
321
543
521
827
659
169
883
621
274
914
961
887
266
431
589
383
647
414
196
224
506
609
566
396
846
808
112
483
972
083
420
253
745
450
727
973
765
892
391
214
244
671
177
210
414
618
491
104
604
252
967
080
649
019
410
143
312
529
903
723
738
449
955
387
906
079
506
584
