960
90
196
650
219
422
513
184
146
885
695
409
974
415
307
784
43
477
140
651
137
648
119
906
228
473
940
408
931
99
661
426
540
832
575
996
970
385
243
147
888
915
521
482
451
702
667
697
478
368
987
636
921
829
681
46
766
598
999
132
626
726
245
312
199
902
420
715
835
811
145
959
221
734
514
520
645
357
838
950
993
899
430
338
327
26
124
374
135
817
403
101
47
882
933
339
192
666
946
793
692
688
605
529
4
323
789
468
396
912
606
449
31
308
421
799
656
769
844
131
743
920
783
432
320
948
790
595
512
696
872
689
916
621
231
208
633
445
57
412
945
627
263
325
217
56
345
805
895
340
590
429
324
187
23
34
413
617
919
732
549
772
5
377
683
485
973
329
313
126
552
924
855
559
175
207
742
771
991
763
883
69
988
729
824
876
48
898
580
222
180
718
524
366
501
721
630
462
812
443
130
62
332
561
568
1
66
490
386
995
884
152
298
10
441
934
239
800
813
543
935
300
53
44
659
170
951
922
3
186
591
544
2
96
706
218
775
395
211
622
162
516
930
257
947
607
896
740
64
68
317
51
655
997
963
424
197
13
400
352
745
968
434
551
92
122
866
203
976
587
405
699
52
642
803
109
592
760
54
647
828
168
354
953
251
476
843
757
929
565
247
448
250
534
733
11
191
755
823
148
754
809
577
518
539
190
765
276
955
294
541
253
701
475
206
375
557
615
113
25
853
779
499
216
493
30
142
725
808
279
65
749
600
949
80
82
97
288
394
24
674
398
28
640
365
854
664
159
411
399
1000
193
427
758
459
333
849
525
350
901
641
553
201
936
542
16
428
178
45
141
810
165
652
455
185
830
746
687
925
123
433
306
444
503
389
37
635
183
747
452
794
41
868
376
804
486
234
818
722
481
890
748
238
778
711
719
984
438
550
85
282
291
19
634
983
467
566
603
287
311
87
235
676
807
129
738
295
344
998
161
75
360
535
336
911
156
209
150
875
880
315
281
584
379
414
480
833
927
507
367
9
582
233
94
67
261
509
684
278
848
285
918
404
232
127
275
93
562
177
560
293
172
943
774
678
586
827
837
343
764
418
84
939
679
176
447
662
588
391
952
781
822
962
894
523
616
992
483
83
785
