1
2
3
4
5
9
10
11
13
16
19
23
24
25
26
28
30
31
34
37
41
43
44
45
46
47
48
51
52
53
54
56
57
62
64
65
66
67
68
69
75
80
82
83
84
85
87
90
92
93
94
96
97
99
101
109
113
119
122
123
124
126
127
129
130
131
132
135
137
140
141
142
145
146
147
148
150
152
156
159
161
162
165
168
170
172
175
176
177
178
180
183
184
185
186
187
190
191
192
193
196
197
199
201
203
206
207
208
209
211
216
217
218
219
221
222
228
231
232
233
234
235
238
239
243
245
247
250
251
253
257
261
263
275
276
278
279
281
282
285
287
288
291
293
294
295
298
300
306
307
308
311
312
313
315
317
320
323
324
325
327
329
332
333
336
338
339
340
343
344
345
350
352
354
357
360
365
366
367
368
374
375
376
377
379
385
386
389
391
394
395
396
398
399
400
403
404
405
408
409
411
412
413
414
415
418
420
421
422
424
426
427
428
429
430
432
433
434
438
441
443
444
445
447
448
449
451
452
455
459
462
467
468
473
475
476
477
478
480
481
482
483
485
486
490
493
499
501
503
507
509
512
513
514
516
518
520
521
523
524
525
529
534
535
539
540
541
542
543
544
549
550
551
552
553
557
559
560
561
562
565
566
568
575
577
580
582
584
586
587
588
590
591
592
595
598
600
603
605
606
607
615
616
617
621
622
626
627
630
633
634
635
636
640
641
642
645
647
648
650
651
652
655
656
659
661
662
664
666
667
674
676
678
679
681
683
684
687
688
689
692
695
696
697
699
701
702
706
711
715
718
719
721
722
725
726
729
732
733
734
738
740
742
743
745
746
747
748
749
754
755
757
758
760
763
764
765
766
769
771
772
774
775
778
779
781
783
784
785
789
790
793
794
799
800
803
804
805
807
808
809
810
811
812
813
817
818
822
823
824
827
828
829
830
832
833
835
837
838
843
844
848
849
853
854
855
866
868
872
875
876
880
882
883
884
885
888
890
894
895
896
898
899
901
902
906
911
912
915
916
918
919
920
921
922
924
925
927
929
930
931
933
934
935
936
939
940
943
945
946
947
948
949
950
951
952
953
955
959
960
962
963
968
970
973
974
976
983
984
987
988
991
992
993
995
996
997
998
999
1000
